5 -1 2 3 2 3 5 12 5 12 2
5 1 0 0 0
10 3 0 0 0
12 8 1 1 0
15 10 3 3 0
20 15 5 5 1
20 20 8 8 4
25 20 12 12 8
30 25 15 15 10
35 30 20 20 15
40 40 30 30 30
5 5 -1 5 4 3 4 3 6 12 6
5 1 0 0 0
10 3 0 0 0
12 8 1 1 0
15 10 3 3 0
20 15 5 5 1
20 20 8 8 4
25 20 12 12 8
30 25 15 15 10
35 30 20 20 15
40 40 30 30 30
5 -1 2 3 2 3 5 12 5 12 2
5 1 0 0 0
10 3 0 0 0
12 8 1 1 0
15 10 3 3 0
20 15 5 5 1
20 20 8 8 4
25 20 12 12 8
30 25 15 15 10
35 30 20 20 15
40 40 30 30 30
5 -1 2 3 2 3 5 12 5 12 2
5 1 0 0 0
10 3 0 0 0
12 8 1 1 0
15 10 3 3 0
20 15 5 5 1
20 20 8 8 4
25 20 12 12 8
30 25 15 15 10
35 30 20 20 15
40 40 30 30 30
5 -1 2 3 2 3 5 12 5 12 2
5 1 0 0 0
10 3 0 0 0
12 8 1 1 0
15 10 3 3 0
20 15 5 5 1
20 20 8 8 4
25 20 12 12 8
30 25 15 15 10
35 30 20 20 15
40 40 30 30 30
